function F = F4(in1,in2)
%F4
%    F = F4(IN1,IN2)

%    This function was generated by the Symbolic Math Toolbox version 8.1.
%    17-Jun-2018 12:37:47

EI = in2(:,1);
alpha = in2(:,5);
k = in2(:,3);
l = in2(:,4);
rhoa = in2(:,2);
z1 = in1(1,:);
z2 = in1(2,:);
z3 = in1(3,:);
z4 = in1(4,:);
t2 = l.^2;
t3 = t2.^2;
t4 = EI.*9.740909103400242e1;
t5 = k.*t3;
t6 = rhoa.*t3.*9.740909103400242e1;
t7 = t4+t5+t6;
t8 = 1.0./t7;
t9 = EI.*1.558545456544039e3;
t10 = rhoa.*t3.*1.558545456544039e3;
t11 = t5+t9+t10;
t12 = 1.0./t11;
t13 = z1-z2;
t14 = z1.^2;
t15 = l.*t2.*t8.*t14.*1.558545456544039e3;
t16 = z2.^2;
t17 = l.*t2.*t8.*t16.*1.558545456544039e3;
t18 = z3.^2;
t19 = l.*t2.*t12.*t18.*3.117090913088077e3;
t20 = z4.^2;
t21 = l.*t2.*t12.*t20.*3.117090913088077e3;
t23 = l.*t2.*t12.*z3.*z4.*6.234181826176155e3;
t22 = t15+t17+t19+t21-t23-l.*t2.*t8.*z1.*z2.*3.117090913088077e3;
t24 = z3-z4;
t25 = l.*t2.*t8.*t14.*6.234181826176155e3;
t26 = l.*t2.*t8.*t16.*6.234181826176155e3;
t27 = t19+t21-t23+t25+t26-l.*t2.*t8.*z1.*z2.*1.246836365235231e4;
F = [alpha.*t3.*t8.*t13.*t22.*(-9.498860966469166e-3);alpha.*t3.*t8.*t13.*t22.*(-9.498860966469166e-3);alpha.*t3.*t12.*t24.*t27.*(-1.899772193293833e-2);alpha.*t3.*t12.*t24.*t27.*(-1.899772193293833e-2)];
