function F = F2(in1,in2)
%F2
%    F = F2(IN1,IN2)

%    This function was generated by the Symbolic Math Toolbox version 8.1.
%    17-Jun-2018 12:37:02

EI = in2(:,1);
alpha = in2(:,5);
k = in2(:,3);
l = in2(:,4);
rhoa = in2(:,2);
z1 = in1(1,:);
z2 = in1(2,:);
t2 = l.^2;
t3 = t2.^2;
t4 = z1-z2;
t5 = t4.^2;
t6 = EI.*9.740909103400242e1;
t7 = k.*t3;
t8 = rhoa.*t3.*9.740909103400242e1;
t9 = t6+t7+t8;
t10 = 1.0./t9.^2;
F = [alpha.*l.*t2.*t3.*t4.*t5.*t10.*(-1.480440660163403e1);alpha.*l.*t2.*t3.*t4.*t5.*t10.*(-1.480440660163403e1)];
